1.000000000 0.000000000 0.000000000 0.000000000 0.000000000 1.000000000 0.000000000 0.000000000 0.000000000 0.000000000 1.000000000 0.000000000
0.999997735 -0.001592054 -0.001432113 -0.002759581 0.001590679 0.999998271 -0.000960341 -0.007308899 0.001433639 0.000958060 0.999998510 0.564274788
0.999995470 -0.001813175 -0.002406652 -0.007773785 0.001806968 0.999995053 -0.002578634 -0.017646294 0.002411315 0.002574273 0.999993801 1.119507432
0.999986529 -0.002546009 -0.004523111 -0.009167153 0.002530056 0.999990582 -0.003529292 -0.035354458 0.004532054 0.003517801 0.999983549 1.684903502
0.999969900 -0.004420375 -0.006373096 -0.019928064 0.004385328 0.999975264 -0.005502703 -0.041960530 0.006397263 0.005474589 0.999964535 2.252042294
0.999945641 -0.006757286 -0.007940931 -0.019679865 0.006697017 0.999948740 -0.007591954 -0.056744501 0.007991823 0.007538360 0.999939620 2.807331085
0.999923408 -0.007950066 -0.009482924 -0.024880998 0.007872959 0.999935865 -0.008140995 -0.071179338 0.009547038 0.008065716 0.999921858 3.377017975
0.999910831 -0.007962234 -0.010714203 -0.038651675 0.007882267 0.999940932 -0.007485239 -0.083545536 0.010773168 0.007400120 0.999914646 3.959500313
0.999895751 -0.008376748 -0.011759575 -0.048660710 0.008284471 0.999934673 -0.007873936 -0.098863117 0.011824765 0.007775693 0.999899864 4.550315380
0.999883771 -0.007829665 -0.013078051 -0.056991015 0.007690599 0.999913692 -0.010650225 -0.113491386 0.013160309 0.010548410 0.999857783 5.149867535
0.999881148 -0.006158676 -0.014130609 -0.075586371 0.005955725 0.999879122 -0.014359896 -0.129750714 0.014217343 0.014274033 0.999797046 5.753196716
0.999866188 -0.004944375 -0.015590637 -0.089186445 0.004662764 0.999826193 -0.018047661 -0.142679334 0.015677160 0.017972551 0.999715686 6.367077351
0.999850869 -0.002976984 -0.017003201 -0.099845268 0.002669921 0.999833405 -0.018053366 -0.158203989 0.017054111 0.018005282 0.999692440 6.997175694
0.999836862 -0.000558680 -0.018056972 -0.120101556 0.000355205 0.999936402 -0.011269757 -0.167838618 0.018062118 0.011261508 0.999773383 7.641896248
0.999830604 0.000520555 -0.018396685 -0.143014580 -0.000534208 0.999999583 -0.000737233 -0.181463152 0.018396294 0.000746937 0.999830484 8.307389259
0.999806345 0.001060915 -0.019652059 -0.155510649 -0.000943603 0.999981642 0.005977774 -0.194314435 0.019658040 -0.005958072 0.999789000 8.993074417
0.999776065 0.003381238 -0.020891070 -0.174642935 -0.003274911 0.999981523 0.005121708 -0.209439889 0.020908004 -0.005052146 0.999768615 9.679241180
0.999756098 0.005439625 -0.021407597 -0.202248752 -0.005485890 0.999982655 -0.002102998 -0.217307925 0.021395788 0.002219925 0.999768615 10.365139008
0.999729276 0.005298495 -0.022658179 -0.222711682 -0.005480767 0.999953032 -0.007989964 -0.220251977 0.022614783 0.008111984 0.999711335 11.079097748
0.999708593 0.002901735 -0.023961976 -0.239777863 -0.003056693 0.999974549 -0.006432734 -0.220550299 0.023942702 0.006504105 0.999692202 11.828041077
0.999703467 0.001966961 -0.024266278 -0.259151578 -0.001900702 0.999994338 0.002753251 -0.226984948 0.024271559 -0.002706311 0.999701798 12.587660789
0.999697089 0.001504607 -0.024565883 -0.284407616 -0.001257589 0.999948561 0.010067691 -0.230085194 0.024579767 -0.010033749 0.999647558 13.363121986
0.999678612 0.000686743 -0.025341740 -0.302116573 -0.000367715 0.999920607 0.012591571 -0.234352499 0.025348376 -0.012578203 0.999599576 14.160943985
0.999682009 -0.000662830 -0.025209036 -0.328654259 0.000956729 0.999931693 0.011648221 -0.238288909 0.025199598 -0.011668635 0.999614358 14.960877419
0.999701023 -0.001032387 -0.024434218 -0.355633736 0.001254641 0.999957979 0.009082440 -0.234851658 0.024423815 -0.009110381 0.999660194 15.781569481
0.999705136 0.001373035 -0.024245504 -0.376487136 -0.001236259 0.999983251 0.005655381 -0.235160217 0.024252864 -0.005623738 0.999690056 16.623338699
0.999736011 -0.001879922 -0.022899268 -0.403000265 0.001887516 0.999998212 0.000310041 -0.243883952 0.022898640 -0.000353180 0.999737799 17.477258682
0.999728262 -0.004922989 -0.022787821 -0.410745740 0.004784082 0.999969661 -0.006146192 -0.250497669 0.022817388 0.006035506 0.999721467 18.351829529
0.999760091 -0.003255204 -0.021660507 -0.435286760 0.003005027 0.999928534 -0.011572462 -0.264689684 0.021696625 0.011504594 0.999698400 19.262916565
0.999777973 -0.001904744 -0.020987011 -0.465577215 0.001644688 0.999921739 -0.012401590 -0.280720562 0.021008993 0.012364320 0.999702811 20.167512894
0.999756515 -0.002031240 -0.021971410 -0.480338544 0.001769495 0.999927342 -0.011925870 -0.297159821 0.021994039 0.011884086 0.999687493 21.102462769
0.999756455 -0.000559149 -0.022059567 -0.507188976 0.000267750 0.999912739 -0.013210425 -0.324713796 0.022065027 0.013201300 0.999669373 22.046468735
0.999759912 0.002798083 -0.021731755 -0.531267107 -0.003129545 0.999879003 -0.015233420 -0.349761516 0.021686502 0.015297772 0.999647796 23.002994537
0.999737024 0.006033800 -0.022123596 -0.558380604 -0.006387151 0.999852538 -0.015935969 -0.374098063 0.022024181 0.016073084 0.999628186 23.967811584
0.999735534 0.007713465 -0.021664454 -0.597471356 -0.008060263 0.999840021 -0.015966279 -0.399906218 0.021537831 0.016136676 0.999637783 24.950119019
0.999723434 0.008826495 -0.021793442 -0.628444195 -0.009179283 0.999827504 -0.016141176 -0.425128967 0.021647213 0.016336763 0.999632120 25.925703049
0.999714315 0.008114509 -0.022479258 -0.641777396 -0.008473206 0.999837577 -0.015907798 -0.454202592 0.022346523 0.016093729 0.999620736 26.908859253
0.999695122 0.009909129 -0.022615662 -0.671451747 -0.010246662 0.999837101 -0.014858104 -0.488286853 0.022464748 0.015085308 0.999633729 27.945100784
0.999680996 0.010634020 -0.022907784 -0.698742092 -0.010928500 0.999858737 -0.012768517 -0.515833080 0.022768769 0.013014792 0.999656022 28.965463638
0.999667764 0.011188811 -0.023220269 -0.727079868 -0.011456772 0.999868929 -0.011439194 -0.545737803 0.023089236 0.011701421 0.999664903 29.983453751
0.999659359 0.011623597 -0.023368012 -0.751361728 -0.011921573 0.999848843 -0.012652829 -0.568652451 0.023217412 0.012927101 0.999646783 31.016849518
0.999646306 0.012731873 -0.023348317 -0.786384761 -0.013053592 0.999821246 -0.013678780 -0.598490834 0.023169985 0.013978719 0.999633789 32.036075592
0.999649346 0.012277378 -0.023458607 -0.820545673 -0.012577785 0.999840260 -0.012701467 -0.625445902 0.023298917 0.012992070 0.999644101 33.073501587
0.999620557 0.012156188 -0.024712173 -0.841763258 -0.012411214 0.999871016 -0.010192858 -0.649391294 0.024585076 0.010495698 0.999642670 34.128105164
0.999618173 0.011968814 -0.024901090 -0.877017617 -0.012129957 0.999906480 -0.006330458 -0.675922036 0.024822988 0.006630091 0.999669850 35.176437378
0.999600708 0.012431440 -0.025375202 -0.910124660 -0.012544099 0.999912143 -0.004285407 -0.696874440 0.025319699 0.004602005 0.999668837 36.260253906
0.999587059 0.012657493 -0.025800675 -0.943482637 -0.012763105 0.999910831 -0.003932830 -0.714175463 0.025748592 0.004260502 0.999659419 37.330970764
0.999585569 0.012038919 -0.026149241 -0.979331374 -0.012180069 0.999912024 -0.005245373 -0.737555563 0.026083797 0.005561699 0.999644279 38.419437408
0.999564469 0.012582458 -0.026694924 -1.019778132 -0.012745852 0.999900937 -0.005959421 -0.755498171 0.026617298 0.006297075 0.999625862 39.498180389
0.999546587 0.011905491 -0.027654026 -1.047969580 -0.012032970 0.999917686 -0.004447970 -0.784958839 0.027598789 0.004778713 0.999607682 40.587604523
0.999511898 0.012523700 -0.028618895 -1.083821654 -0.012612849 0.999916136 -0.002936597 -0.798085332 0.028579718 0.003296130 0.999586046 41.674209595
0.999509275 0.011885460 -0.028981343 -1.126281381 -0.011894499 0.999929190 -0.000139548 -0.825055361 0.028977634 0.000484196 0.999579906 42.766975403
0.999475241 0.013693833 -0.029356955 -1.170349479 -0.013699962 0.999906123 -0.000007717 -0.849952400 0.029354090 0.000409902 0.999568999 43.842235565
0.999442637 0.014927168 -0.029858967 -1.197785735 -0.015049413 0.999879181 -0.003873480 -0.872184694 0.029797543 0.004320681 0.999546587 44.914821625
0.999427021 0.016034300 -0.029808575 -1.238217592 -0.016277878 0.999835908 -0.007946748 -0.893212080 0.029676262 0.008427415 0.999524057 45.995910645
0.999416232 0.016431389 -0.029951980 -1.276511669 -0.016686298 0.999826550 -0.008280535 -0.918049037 0.029810721 0.008775489 0.999517024 47.077602386
0.999411881 0.017095983 -0.029724158 -1.316532731 -0.017264709 0.999836206 -0.005429069 -0.945076108 0.029626472 0.005939055 0.999543369 48.173374176
0.999415398 0.017379627 -0.029439829 -1.358254790 -0.017483482 0.999841750 -0.003273966 -0.971089780 0.029378271 0.003786762 0.999561191 49.264808655
0.999442697 0.015957078 -0.029318063 -1.395272136 -0.016029129 0.999869108 -0.002224230 -0.990499616 0.029278729 0.002692934 0.999567628 50.353370667
0.999447286 0.015964219 -0.029161725 -1.429494977 -0.016053103 0.999867141 -0.002816353 -1.016476154 0.029112898 0.003282933 0.999570668 51.443817139
0.999465883 0.015210470 -0.028921349 -1.470337152 -0.015360867 0.999869585 -0.004985209 -1.035629272 0.028841747 0.005426804 0.999569237 52.531658173
0.999480069 0.014934916 -0.028572736 -1.499112368 -0.015137094 0.999861836 -0.006872749 -1.066001058 0.028466143 0.007301684 0.999568224 53.607616425
0.999504149 0.014292132 -0.028056901 -1.536850214 -0.014564784 0.999848545 -0.009537692 -1.091668010 0.027916331 0.009941606 0.999560893 54.699081421
0.999528229 0.012843335 -0.027901337 -1.572866082 -0.013205578 0.999830365 -0.012837667 -1.126001120 0.027731728 0.013200063 0.999528289 55.787830353
0.999546826 0.010882675 -0.028065493 -1.596802354 -0.011288630 0.999833286 -0.014346893 -1.160084248 0.027904687 0.014657213 0.999503136 56.867992401
0.999565721 0.009487978 -0.027896330 -1.630078793 -0.009821283 0.999881744 -0.011835389 -1.193412542 0.027780738 0.012104228 0.999540746 57.956005096
0.999581158 0.008139025 -0.027771888 -1.660462618 -0.008302929 0.999948680 -0.005791579 -1.222261310 0.027723327 0.006019741 0.999597490 59.047821045
0.999601662 0.006324447 -0.027505804 -1.691231966 -0.006336359 0.999979854 -0.000345942 -1.239997029 0.027503062 0.000520091 0.999621570 60.145118713
0.999611139 0.004680042 -0.027491512 -1.722626328 -0.004678056 0.999989033 0.000136537 -1.256778121 0.027491847 -0.000007877 0.999621987 61.236724854
0.999631107 0.001635403 -0.027108658 -1.755271673 -0.001714872 0.999994218 -0.002908495 -1.274700403 0.027103744 0.002953910 0.999628246 62.327629089
0.999631643 0.000050827 -0.027140154 -1.786938071 -0.000209080 0.999983013 -0.005828140 -1.302091360 0.027139394 0.005831669 0.999614596 63.424636841
0.999628484 0.002151967 -0.027172673 -1.825762272 -0.002415960 0.999950171 -0.009686314 -1.329704165 0.027150474 0.009748364 0.999583781 64.512420654
0.999634027 0.002426443 -0.026942847 -1.859749079 -0.002804267 0.999898195 -0.013994232 -1.357186198 0.026906144 0.014064665 0.999539018 65.594856262
0.999643087 0.005180928 -0.026207214 -1.897915125 -0.005570701 0.999874592 -0.014821664 -1.385556340 0.026127137 0.014962368 0.999546587 66.695159912
0.999632835 0.009161196 -0.025500473 -1.943148136 -0.009445517 0.999894321 -0.011051600 -1.424366236 0.025396528 0.011288407 0.999613702 67.809448242
0.999625206 0.010650981 -0.025219377 -1.979680061 -0.010882313 0.999899805 -0.009053335 -1.449448824 0.025120422 0.009324387 0.999640882 68.901489258
0.999632597 0.009880038 -0.025241273 -2.011857510 -0.010094504 0.999913871 -0.008383363 -1.475798249 0.025156274 0.008635081 0.999646187 70.001464844
0.999640465 0.008634451 -0.025384160 -2.040009499 -0.008824858 0.999933660 -0.007398582 -1.506546736 0.025318593 0.007619934 0.999650359 71.110656738
0.999645114 0.007492624 -0.025562506 -2.071290016 -0.007636371 0.999955475 -0.005530369 -1.538301229 0.025519930 0.005723609 0.999657929 72.204154968
0.999643564 0.005777352 -0.026065774 -2.101152897 -0.005878297 0.999975443 -0.003797678 -1.560309887 0.026043197 0.003949547 0.999653041 73.302993774
0.999632716 0.004782085 -0.026676094 -2.136459589 -0.004839666 0.999986231 -0.002094397 -1.587525725 0.026665710 0.002222731 0.999641895 74.398170471
0.999625683 0.004129116 -0.027045693 -2.172223330 -0.004217739 0.999985933 -0.003220558 -1.612951040 0.027032016 0.003333424 0.999628961 75.488945007
0.999607146 0.004106639 -0.027727148 -2.202939272 -0.004307529 0.999964952 -0.007189399 -1.638171434 0.027696650 0.007306009 0.999589682 76.559677124
0.999582112 0.005019082 -0.028466785 -2.238559008 -0.005281783 0.999944031 -0.009160664 -1.668055058 0.028419215 0.009307192 0.999552906 77.660293579
0.999550819 0.007039656 -0.029128334 -2.275120258 -0.007256719 0.999946535 -0.007352996 -1.692873240 0.029075012 0.007561071 0.999548733 78.742309570
0.999531329 0.008052858 -0.029533977 -2.317337990 -0.008153708 0.999961257 -0.003295833 -1.716885209 0.029506290 0.003535100 0.999558449 79.832687378
0.999504089 0.009329999 -0.030076561 -2.357170582 -0.009321278 0.999956429 0.000430187 -1.736155272 0.030079268 -0.000149622 0.999547541 80.905448914
0.999479294 0.010474795 -0.030519582 -2.399762869 -0.010440226 0.999944568 0.001291814 -1.762336016 0.030531423 -0.000972509 0.999533355 81.990402222
0.999466777 0.009864617 -0.031123757 -2.438148499 -0.009880268 0.999951065 -0.000349115 -1.790171385 0.031118792 0.000656441 0.999515414 83.056449890
0.999459088 0.009910340 -0.031357646 -2.481642962 -0.009948768 0.999949992 -0.001069688 -1.807735443 0.031345472 0.001381079 0.999507666 84.117584229
0.999446690 0.009685722 -0.031819627 -2.520753145 -0.009735023 0.999951720 -0.001394849 -1.828030705 0.031804577 0.001703842 0.999492645 85.181495667
0.999417305 0.007943100 -0.033194963 -2.547975779 -0.007986870 0.999967396 -0.001186161 -1.849387646 0.033184469 0.001450594 0.999448121 86.207725525
0.999408782 0.006697170 -0.033721518 -2.585375071 -0.006699152 0.999977648 0.000054182 -1.867244363 0.033721127 0.000171756 0.999431193 87.231689453
0.999384880 0.006973998 -0.034367707 -2.624061584 -0.006883165 0.999972403 0.002760610 -1.890208364 0.034386009 -0.002522353 0.999405444 88.240402222
0.999368370 0.006117656 -0.035010166 -2.669152737 -0.005987164 0.999974668 0.003830918 -1.913269639 0.035032719 -0.003618886 0.999379635 89.226234436
0.999305844 0.004916828 -0.036927193 -2.711744070 -0.004762550 0.999979556 0.004264688 -1.931450605 0.036947399 -0.004085860 0.999308825 90.181045532
0.999193013 0.004317130 -0.039933473 -2.757438898 -0.004197406 0.999986529 0.003081446 -1.951364875 0.039946225 -0.002911342 0.999197602 91.113952637
0.999020517 0.003868414 -0.044080187 -2.794566631 -0.003767719 0.999990106 0.002367217 -1.968359232 0.044088900 -0.002198817 0.999025166 92.048271179
0.998894930 0.003539051 -0.046865381 -2.844362259 -0.003410144 0.999990165 0.002830259 -1.986602902 0.046874933 -0.002667313 0.998897195 92.943641663
0.998739362 0.004892700 -0.049957808 -2.895912170 -0.004713171 0.999982059 0.003710802 -2.003742695 0.049975060 -0.003470664 0.998744428 93.810668945
0.998574078 0.005604233 -0.053087801 -2.949070215 -0.005347487 0.999973238 0.004977064 -2.023157120 0.053114273 -0.004686080 0.998577535 94.648452759
0.998391926 0.007019144 -0.056251198 -2.998498201 -0.006674917 0.999957800 0.006305025 -2.035762787 0.056293078 -0.005919415 0.998396695 95.464698792
0.998260379 0.008205163 -0.058386084 -3.060349464 -0.007784166 0.999942064 0.007434372 -2.055761576 0.058443699 -0.006966953 0.998266339 96.249580383
0.998074234 0.010226507 -0.061181601 -3.110593796 -0.009767863 0.999921918 0.007790820 -2.068827152 0.061256494 -0.007178203 0.998096228 97.014717102
0.997881293 0.011921824 -0.063961536 -3.160968065 -0.011512412 0.999910831 0.006765687 -2.085166454 0.064036503 -0.006014999 0.997929454 97.744377136
0.997703135 0.013350287 -0.066408463 -3.219564199 -0.013164327 0.999908030 0.003237090 -2.103512049 0.066445574 -0.002355432 0.997787297 98.434913635
0.997493267 0.015811108 -0.068971477 -3.275706291 -0.015870480 0.999873936 -0.000312897 -2.119201422 0.068957843 0.001406724 0.997618616 99.100212097
0.997328341 0.017619217 -0.070892610 -3.335958004 -0.017886819 0.999835134 -0.003141642 -2.131478310 0.070825562 0.004401293 0.997479022 99.750587463
0.997237027 0.019481484 -0.071684077 -3.389183521 -0.019819943 0.999795437 -0.004013222 -2.148188114 0.071591228 0.005422909 0.997419357 100.366905212
0.997236133 0.021902462 -0.070995905 -3.430616140 -0.022214888 0.999746680 -0.003613976 -2.164763927 0.070898779 0.005181153 0.997470081 100.949005127
0.997363746 0.026034724 -0.067733705 -3.479819775 -0.026231129 0.999653816 -0.002011770 -2.181015015 0.067657895 0.003783198 0.997701347 101.516357422
0.997661173 0.028504545 -0.062126730 -3.520384073 -0.028604679 0.999590576 -0.000722783 -2.193099499 0.062080685 0.002498207 0.998068035 102.054450989
0.998063385 0.029345153 -0.054848995 -3.545094252 -0.029305685 0.999569297 0.001523959 -2.210129976 0.054870099 0.000086379 0.998493552 102.574264526
0.998551011 0.029247191 -0.045173008 -3.564979553 -0.029095124 0.999568582 0.004020288 -2.222472429 0.045271091 -0.002700148 0.998971105 103.083549500
0.999020576 0.028789584 -0.033600822 -3.570498705 -0.028641120 0.999577820 0.004891474 -2.230330467 0.033727448 -0.003924317 0.999423444 103.557525635
0.999406755 0.027809998 -0.020317059 -3.572403431 -0.027708981 0.999602318 0.005236761 -2.245366096 0.020454617 -0.004670688 0.999779880 104.004753113
0.999600887 0.027761621 -0.005228345 -3.564203024 -0.027738573 0.999605417 0.004430371 -2.256823301 0.005349277 -0.004283575 0.999976456 104.440521240
0.999574542 0.026187897 0.012844034 -3.548219681 -0.026206376 0.999655724 0.001272539 -2.265707731 -0.012806283 -0.001608594 0.999916673 104.867355347
0.999085546 0.025864745 0.034047842 -3.517152309 -0.025772836 0.999662936 -0.003135497 -2.281903505 -0.034117460 0.002255120 0.999415338 105.279281616
0.998023629 0.023732543 0.058186665 -3.469598293 -0.023304434 0.999696195 -0.008025174 -2.291127682 -0.058359448 0.006653304 0.998273432 105.687026978
0.996114314 0.021534923 0.085397199 -3.411542892 -0.020676022 0.999726593 -0.010929460 -2.301406860 -0.085609190 0.009121316 0.996287048 106.085700989
0.993184090 0.018795032 0.115031384 -3.334153175 -0.017536538 0.999774873 -0.011942772 -2.314990997 -0.115229934 0.009844120 0.993290067 106.478134155
0.988855064 0.016531710 0.147960827 -3.260351181 -0.014591810 0.999792814 -0.014186863 -2.325524807 -0.148164734 0.011869736 0.988891423 106.853500366
0.982938886 0.013850390 0.183410794 -3.159801483 -0.011148334 0.999813676 -0.015755231 -2.340339661 -0.183594868 0.013441701 0.982910097 107.201271057
0.974987805 0.010871226 0.221992612 -3.042367935 -0.007432981 0.999839246 -0.016317714 -2.353217125 -0.222134322 0.014259505 0.974911749 107.566757202
0.964981258 0.008487502 0.262181491 -2.919416428 -0.004080636 0.999841154 -0.017348351 -2.366748333 -0.262287140 0.015670966 0.964862645 107.915779114
0.952612460 0.009252576 0.304045796 -2.784963608 -0.003956688 0.999829590 -0.018029556 -2.387988091 -0.304160833 0.015972165 0.952486813 108.251258850
0.937289774 0.011524952 0.348360479 -2.647392273 -0.005265753 0.999807417 -0.018909134 -2.396812677 -0.348511338 0.015888959 0.937169850 108.562576294
0.919335961 0.011816786 0.393295825 -2.481956482 -0.005309486 0.999830484 -0.017629426 -2.409483194 -0.393437445 0.014119169 0.919242918 108.882415771
0.898806274 0.010891221 0.438210607 -2.298442841 -0.004110544 0.999856770 -0.016419221 -2.422693253 -0.438326657 0.012956415 0.898722351 109.195800781
0.875693798 0.009687668 0.482769459 -2.108337402 -0.001862729 0.999859035 -0.016685236 -2.437918901 -0.482863039 0.013711894 0.875588536 109.469764709
0.850609243 0.010907375 0.525685191 -1.883907318 -0.000931215 0.999814570 -0.019238228 -2.451039314 -0.525797486 0.015874691 0.850461602 109.760406494
0.823084593 0.012701504 0.567776620 -1.656951904 0.000159483 0.999744654 -0.022596085 -2.469444752 -0.567918658 0.018689042 0.822872460 110.027976990
0.792554379 0.016486414 0.609578371 -1.420982361 -0.000581074 0.999654412 -0.026280755 -2.492406130 -0.609800994 0.020474721 0.792290032 110.290985107
0.758356214 0.022897089 0.651438117 -1.170455933 -0.003926146 0.999525130 -0.030561309 -2.501175642 -0.651828587 0.020618716 0.758085966 110.547424316
0.720716894 0.027484600 0.692684531 -0.900432587 -0.005984985 0.999423206 -0.033428304 -2.511565447 -0.693203807 0.019946637 0.720465660 110.795112610
0.681431174 0.027961871 0.731347978 -0.605579376 -0.004063656 0.999399006 -0.034424063 -2.526286364 -0.731871009 0.020485681 0.681135297 111.018951416
0.640654147 0.025000000 0.767422438 -0.291416168 0.000534323 0.999455035 -0.033004891 -2.540320873 -0.767829299 0.021554772 0.640291691 111.217880249
0.596642613 0.023302078 0.802168667 0.034725189 0.002016350 0.999531746 -0.030534981 -2.546683788 -0.802504480 0.019835927 0.596316278 111.415100098
0.550153911 0.022161301 0.834769130 0.362808228 0.002252074 0.999604762 -0.028021557 -2.565129519 -0.835060239 0.017296128 0.549886465 111.585449219
0.502057612 0.019619290 0.864611626 0.720939636 0.004251650 0.999674559 -0.025152888 -2.575098515 -0.864823699 0.016304225 0.501810789 111.749092102
0.451021522 0.015948785 0.892370641 1.092979431 0.007073403 0.999745011 -0.021442860 -2.586751223 -0.892485023 0.015983284 0.450793684 111.900024414
0.398628831 0.015830260 0.916975856 1.452171326 0.003809319 0.999813795 -0.018916331 -2.613058090 -0.917104483 0.011033649 0.398494244 112.029975891
0.347493052 0.021345023 0.937439561 1.839458466 -0.000393853 0.999744117 -0.022617670 -2.621228456 -0.937682450 0.007490268 0.347412527 112.146041870
0.296995223 0.026212534 0.954519153 2.227304459 -0.000508996 0.999627292 -0.027292904 -2.634835243 -0.954878807 0.007620015 0.296897888 112.233375549
0.250408798 0.028355001 0.967724919 2.627965927 0.001000392 0.999562860 -0.029546738 -2.648223877 -0.968139648 0.008366866 0.250270963 112.302360535
0.209294751 0.028068125 0.977449715 3.054048538 0.008312292 0.999500751 -0.030481197 -2.666100979 -0.977817237 0.014504401 0.208956912 112.352897644
0.174136251 0.027862871 0.984327257 3.489145279 0.016847860 0.999369025 -0.031269185 -2.680193424 -0.984577417 0.022028904 0.173556894 112.394142151
0.143970817 0.029045768 0.989155531 3.948932648 0.021320231 0.999246120 -0.032445207 -2.694387913 -0.989352226 0.025760191 0.143243000 112.425437927
0.115498997 0.027659616 0.992922425 4.392018318 0.018834056 0.999371648 -0.030030079 -2.711438417 -0.993129015 0.022169203 0.114905469 112.475639343
0.089974172 0.024204480 0.995649934 4.883382797 0.012673959 0.999595761 -0.025445716 -2.725273132 -0.995863438 0.014908281 0.089631051 112.516410828
0.065913424 0.020044249 0.997623980 5.387311459 0.007931654 0.999756098 -0.020611133 -2.744171619 -0.997793853 0.009271361 0.065738365 112.544921875
0.043330289 0.017603779 0.998905659 5.908798218 0.012090486 0.999762297 -0.018143333 -2.761231422 -0.998987615 0.012863413 0.043107137 112.549911499
0.023203924 0.018309398 0.999563158 6.458421230 0.020141630 0.999620676 -0.018778024 -2.781644821 -0.999527752 0.020568555 0.022826344 112.538490295
0.005689776 0.020849625 0.999766409 7.026911259 0.023957023 0.999492824 -0.020980259 -2.804601669 -0.999696732 0.024070797 0.005187395 112.529617310
-0.008633127 0.026125148 0.999621332 7.597364426 0.024702303 0.999359190 -0.025904953 -2.816315651 -0.999657631 0.024469309 -0.009272946 112.517189026
-0.019447379 0.030760132 0.999337554 8.205828667 0.022996161 0.999275923 -0.030310724 -2.826098204 -0.999546409 0.022391463 -0.020140665 112.506866455
-0.025844626 0.030722804 0.999193728 8.820633888 0.024644230 0.999243319 -0.030086899 -2.844099045 -0.999362171 0.023846770 -0.026582215 112.485061646
-0.028269330 0.027678736 0.999217033 9.497772217 0.031083893 0.999157488 -0.026797673 -2.861738443 -0.999117017 0.030302001 -0.029105874 112.459587097
-0.027813205 0.026203820 0.999269545 10.164667130 0.032199346 0.999161065 -0.025304751 -2.883875132 -0.999094427 0.031472020 -0.028633621 112.443504333
-0.025963617 0.025691057 0.999332726 10.837301254 0.031026451 0.999208927 -0.024881776 -2.906596422 -0.999181271 0.030359725 -0.026740178 112.430503845
-0.024535654 0.026089218 0.999358416 11.522649765 0.027743766 0.999292195 -0.025406335 -2.929427385 -0.999313951 0.027102601 -0.025242101 112.424278259
-0.023209287 0.027314434 0.999357343 12.241639137 0.026604302 0.999289513 -0.026694715 -2.950793982 -0.999376595 0.025967641 -0.023919478 112.410758972
-0.022160782 0.028078383 0.999359965 12.965173721 0.026383301 0.999273837 -0.027490914 -2.979172707 -0.999406159 0.025757195 -0.022885490 112.397415161
-0.021758130 0.027755363 0.999377906 13.713762283 0.025498111 0.999304831 -0.027198194 -3.002600431 -0.999438047 0.024890469 -0.022450715 112.393730164
-0.021235021 0.026148127 0.999432564 14.473544121 0.024478637 0.999371886 -0.025626443 -3.033017397 -0.999474764 0.023920571 -0.021861758 112.385871887
-0.020445792 0.024967050 0.999479115 15.237951279 0.025008621 0.999388039 -0.024453189 -3.063533783 -0.999478161 0.024495631 -0.021057671 112.363975525
-0.021134341 0.022883620 0.999514759 16.027179718 0.025601663 0.999422610 -0.022340177 -3.086163282 -0.999448836 0.025117094 -0.021707997 112.353729248
-0.022519086 0.020994619 0.999525905 16.809442520 0.022444267 0.999538124 -0.020489212 -3.118517637 -0.999494493 0.021972228 -0.022979891 112.345283508
-0.023433022 0.020188831 0.999521434 17.604598999 0.022584241 0.999551535 -0.019659968 -3.138070345 -0.999470294 0.022112740 -0.023878461 112.321792603
-0.024525912 0.017888715 0.999539137 18.404657364 0.024635009 0.999547064 -0.017284382 -3.156870842 -0.999395609 0.024199741 -0.024955491 112.301383972
-0.025645534 0.016270075 0.999538660 19.226930618 0.026228186 0.999534249 -0.015597055 -3.182167768 -0.999326944 0.025816089 -0.026060320 112.281417847
-0.027567539 0.015304189 0.999502838 20.045734406 0.023437984 0.999617755 -0.014659502 -3.212656975 -0.999345124 0.023022201 -0.027915703 112.263679504
-0.028386259 0.019944040 0.999398053 20.878238678 0.020573394 0.999600768 -0.019363735 -3.240402937 -0.999385238 0.020011345 -0.028785247 112.244796753
-0.029443445 0.024363089 0.999269485 21.714122772 0.022002934 0.999476433 -0.023719821 -3.268086672 -0.999324262 0.021288464 -0.029964093 112.226692200
-0.030770632 0.026216842 0.999182582 22.553152084 0.022063250 0.999430180 -0.025543883 -3.293153763 -0.999282897 0.021259213 -0.031331532 112.206130981
-0.032132182 0.024048867 0.999194264 23.399414062 0.018478725 0.999553859 -0.023463283 -3.326503992 -0.999312878 0.017709907 -0.032562237 112.187683105
-0.033021588 0.019632118 0.999261796 24.246746063 0.015899451 0.999690831 -0.019115133 -3.358499050 -0.999328136 0.015256502 -0.033323519 112.166397095
-0.033475697 0.014513350 0.999334157 25.101018906 0.014539264 0.999795854 -0.014033018 -3.384724855 -0.999333739 0.014059818 -0.033679873 112.145141602
-0.033678357 0.008518818 0.999396443 25.948898315 0.010855782 0.999907792 -0.008157350 -3.412777185 -0.999373734 0.010574505 -0.033767730 112.124107361
-0.033303477 0.007102896 0.999420047 26.806098938 0.008139910 0.999943435 -0.006835371 -3.440648317 -0.999412060 0.007907546 -0.033359412 112.107398987
-0.032585237 0.014251739 0.999367356 27.656057358 0.010214674 0.999850869 -0.013925574 -3.470975399 -0.999416709 0.009754446 -0.032725960 112.073776245
-0.031062860 0.025192343 0.999199867 28.484422684 0.012886218 0.999609411 -0.024802063 -3.497840643 -0.999434352 0.012105484 -0.031375363 112.041473389
-0.030692222 0.030554101 0.999061704 29.317380905 0.014863247 0.999436080 -0.030108932 -3.521210670 -0.999418378 0.013925190 -0.031129057 112.021293640
-0.030221675 0.024964128 0.999231398 30.163658142 0.016164988 0.999569595 -0.024483666 -3.558876514 -0.999412477 0.015412629 -0.030612210 112.006881714
-0.028587829 0.017314106 0.999441326 31.005170822 0.019342629 0.999672353 -0.016764835 -3.590129375 -0.999404073 0.018852554 -0.028913371 111.973640442
-0.028549748 0.014236101 0.999490917 31.843147278 0.020178646 0.999703050 -0.013662731 -3.626706123 -0.999388635 0.019778309 -0.028828530 111.966285706
-0.028731667 0.014785411 0.999477804 32.666240692 0.019082012 0.999716580 -0.014240398 -3.654007912 -0.999405086 0.018662898 -0.029005654 111.947387695
-0.029765755 0.015884785 0.999430656 33.485031128 0.016314216 0.999748290 -0.015403952 -3.679051876 -0.999423802 0.015846420 -0.030017408 111.929725647
-0.032162499 0.016054338 0.999353707 34.311325073 0.013248964 0.999790013 -0.015634952 -3.706774712 -0.999394774 0.012737548 -0.032368448 111.920333862
-0.034012388 0.015890118 0.999295056 35.122596741 0.012883732 0.999797463 -0.015459591 -3.736696005 -0.999338388 0.012348834 -0.034210216 111.888992310
-0.036200993 0.016261747 0.999212205 35.928539276 0.011759108 0.999805272 -0.015845373 -3.765368223 -0.999275386 0.011176226 -0.036385164 111.866836548
-0.038212255 0.016439356 0.999134421 36.725242615 0.010092054 0.999819934 -0.016064664 -3.791928053 -0.999218702 0.009469451 -0.038371284 111.839752197
-0.040388208 0.015610536 0.999062121 37.550888062 0.008295313 0.999848604 -0.015287478 -3.819808245 -0.999149561 0.007670099 -0.040511597 111.814834595
-0.042350017 0.014545024 0.998996973 38.343429565 0.008757274 0.999861002 -0.014186362 -3.846430779 -0.999064445 0.008147695 -0.042471509 111.782402039
-0.044276170 0.014172557 0.998918772 39.124683380 0.008000604 0.999872386 -0.013831466 -3.880336761 -0.998987317 0.007379550 -0.044383910 111.748733521
-0.045866117 0.015452730 0.998828113 39.903114319 0.008523985 0.999850035 -0.015077120 -3.901848555 -0.998911202 0.007822466 -0.045990955 111.715866089
-0.047096439 0.015618596 0.998768270 40.683135986 0.008987934 0.999843836 -0.015211596 -3.928055763 -0.998849869 0.008260451 -0.047229473 111.682304382
-0.048281576 0.014234887 0.998732328 41.479000092 0.010667779 0.999848783 -0.013735091 -3.956055164 -0.998776793 0.009991106 -0.048426129 111.645675659
-0.049759440 0.013429013 0.998670876 42.254341125 0.010613777 0.999860287 -0.012916168 -3.982634783 -0.998704851 0.009956969 -0.049895018 111.612678528
-0.051294427 0.013058003 0.998598218 43.015052795 0.009394116 0.999876678 -0.012592177 -4.008174419 -0.998639405 0.008735039 -0.051410772 111.580833435
-0.052660592 0.011988786 0.998540461 43.778938293 0.007553958 0.999904096 -0.011606781 -4.031419754 -0.998583913 0.006931715 -0.052746110 111.551277161
-0.053597771 0.010864233 0.998503447 44.518310547 0.006397873 0.999924004 -0.010536264 -4.056304455 -0.998542130 0.005823579 -0.053663205 111.520217896
-0.054039415 0.010743853 0.998480976 45.222991943 0.007042741 0.999921262 -0.010378189 -4.079946041 -0.998513877 0.006471211 -0.054110836 111.477493286
-0.054217655 0.013405199 0.998439133 45.929145813 0.007312509 0.999888301 -0.013027571 -4.102427006 -0.998502314 0.006594771 -0.054309636 111.445350647
-0.054377060 0.015965177 0.998392820 46.629116058 0.007308036 0.999851763 -0.015590476 -4.129517555 -0.998493671 0.006448525 -0.054485679 111.410903931
-0.054287363 0.017550860 0.998371184 47.327171326 0.005291216 0.999836445 -0.017288908 -4.151207447 -0.998511255 0.004344027 -0.054371361 111.376754761
-0.054574352 0.018630465 0.998335898 48.033077240 0.005401831 0.999816716 -0.018362811 -4.174463749 -0.998495102 0.004390702 -0.054664992 111.344207764
-0.054285474 0.018246770 0.998358786 48.728607178 0.006710247 0.999817073 -0.017908556 -4.200061321 -0.998502910 0.005727058 -0.054397989 111.305625916
-0.054817405 0.017827608 0.998337209 49.419597626 0.007201040 0.999821544 -0.017458716 -4.225832462 -0.998470426 0.006232024 -0.054936003 111.272865295
-0.055207890 0.017940575 0.998313725 50.120391846 0.002698269 0.999837518 -0.017818747 -4.250606537 -0.998471200 0.001709983 -0.055247337 111.246910095
-0.055107966 0.018016856 0.998317838 50.790225983 0.000805343 0.999837637 -0.017999830 -4.279597759 -0.998480082 -0.000187946 -0.055113520 111.214004517
-0.054991975 0.016474336 0.998350859 51.476852417 0.002462285 0.999863029 -0.016363658 -4.305504322 -0.998483777 0.001558354 -0.055025004 111.180328369
-0.055736270 0.016126087 0.998315275 52.145584106 0.003610726 0.999866247 -0.015949555 -4.325757504 -0.998439014 0.002715674 -0.055787046 111.139312744
-0.059213389 0.015028973 0.998132169 52.805812836 -0.000543654 0.999885976 -0.015087632 -4.357645035 -0.998245299 -0.001436028 -0.059198476 111.104141235
-0.064650647 0.014735213 0.997799158 53.485065460 -0.004115304 0.999878466 -0.015032567 -4.378788471 -0.997899413 -0.005078111 -0.064582154 111.071380615
-0.070462242 0.019172510 0.997330189 54.158798218 -0.000015892 0.999815345 -0.019221403 -4.395989418 -0.997514427 -0.001370234 -0.070448920 111.018302917
-0.076945499 0.022033939 0.996791780 54.825153351 0.002532598 0.999756873 -0.021903984 -4.416946411 -0.997032106 0.000839060 -0.076982602 110.962486267
-0.084001005 0.023350492 0.996192038 55.500541687 0.001497167 0.999727190 -0.023307113 -4.444439888 -0.996464550 -0.000466355 -0.084013045 110.903533936
-0.090816267 0.022845818 0.995605588 56.192848206 -0.002541492 0.999728262 -0.023172248 -4.464222431 -0.995864332 -0.004634742 -0.090733536 110.853485107
-0.096056156 0.021795357 0.995137274 56.875549316 -0.002639569 0.999751151 -0.022151195 -4.491137981 -0.995372415 -0.004754493 -0.095974728 110.788925171
-0.100823909 0.022315238 0.994654000 57.582393646 -0.004843508 0.999725580 -0.022919986 -4.518503189 -0.994892538 -0.007128498 -0.100688167 110.728424072
-0.104652129 0.021209409 0.994282722 58.280391693 -0.006689692 0.999734879 -0.022029828 -4.547708988 -0.994486392 -0.008956913 -0.104482532 110.657615662
-0.107110046 0.018040081 0.994083464 58.984130859 -0.005911413 0.999806225 -0.018780870 -4.568732738 -0.994229615 -0.007888060 -0.106982633 110.584297180
-0.108384602 0.015275897 0.993991673 59.692150116 -0.003998677 0.999867141 -0.015802208 -4.588652611 -0.994100988 -0.005687368 -0.108309105 110.499671936
-0.109599955 0.012258174 0.993900180 60.409667969 -0.004507149 0.999907553 -0.012829279 -4.616797924 -0.993965566 -0.005885746 -0.109534569 110.421417236
-0.111688256 0.011720184 0.993674219 61.145946503 -0.005670272 0.999906719 -0.012431029 -4.639500618 -0.993727088 -0.007022803 -0.111611374 110.356849670
-0.112055466 0.015250573 0.993584931 61.882499695 -0.003822276 0.999868274 -0.015778087 -4.659766674 -0.993694603 -0.005565778 -0.111982405 110.275810242
-0.112471059 0.019320592 0.993467152 62.614055634 0.002014568 0.999813318 -0.019215943 -4.684227943 -0.993652940 -0.000159830 -0.112488985 110.185272217
-0.112975374 0.024497194 0.993295729 63.355731964 0.009587687 0.999676406 -0.023564074 -4.708132744 -0.993551493 0.006861248 -0.113173679 110.093612671
-0.113419101 0.025295142 0.993225217 64.095039368 0.009651468 0.999656796 -0.024356810 -4.734258652 -0.993500292 0.006823554 -0.113624305 110.005836487
-0.114521623 0.022869090 0.993157506 64.845832825 0.007518208 0.999726415 -0.022153417 -4.764844894 -0.993392289 0.004929719 -0.114662230 109.941230774
-0.114547171 0.018348452 0.993248343 65.618171692 0.008362789 0.999811769 -0.017505251 -4.787211418 -0.993382573 0.006301149 -0.114679068 109.850837708
-0.113935769 0.016547324 0.993350327 66.370826721 0.010920181 0.999821663 -0.015402599 -4.813017845 -0.993428111 0.009092657 -0.114096172 109.751129150
-0.114696369 0.015946895 0.993272603 67.116615295 0.010836633 0.999831617 -0.014800860 -4.839293480 -0.993341506 0.009066124 -0.114849895 109.666755676
-0.116763204 0.016805135 0.993017554 67.867286682 0.009061395 0.999833167 -0.015854998 -4.864991188 -0.993118465 0.007146845 -0.116896011 109.590415955
-0.118791670 0.017621838 0.992762804 68.618858337 0.008851358 0.999821544 -0.016688000 -4.891308784 -0.992879748 0.006804904 -0.118926480 109.498870850
-0.121017940 0.017843161 0.992489934 69.358421326 0.009870800 0.999810517 -0.016771192 -4.917015553 -0.992601216 0.007767054 -0.121171139 109.411163330
-0.122910552 0.017804939 0.992258132 70.104354858 0.010018584 0.999810338 -0.016699458 -4.942026138 -0.992367208 0.007888481 -0.123065628 109.319534302
-0.124843031 0.017737955 0.992017925 70.852600098 0.009773238 0.999813616 -0.016647412 -4.964262009 -0.992128372 0.007616913 -0.124993131 109.227783203
-0.126417190 0.017998328 0.991814017 71.601959229 0.007611796 0.999823570 -0.017173478 -4.986947060 -0.991947889 0.005378462 -0.126531884 109.137702942
-0.127546683 0.019574724 0.991639376 72.354263306 0.007495674 0.999795794 -0.018771617 -5.012822628 -0.991804361 0.005038748 -0.127667338 109.045997620
-0.128546104 0.019924622 0.991503298 73.115547180 0.006568230 0.999793410 -0.019239653 -5.036376476 -0.991681814 0.004039240 -0.128650412 108.954986572
-0.129627898 0.020161975 0.991357684 73.879264832 0.006145552 0.999790430 -0.019529894 -5.061259270 -0.991543651 0.003560822 -0.129724622 108.854942322
-0.131104991 0.018597141 0.991194069 74.666542053 0.006499979 0.999818683 -0.017899208 -5.081795216 -0.991347134 0.004096064 -0.131202087 108.763404846
-0.132031918 0.016261388 0.991112113 75.445953369 0.004607381 0.999864697 -0.015791215 -5.105904102 -0.991234779 0.002481486 -0.132088974 108.664314270
-0.134022310 0.014421841 0.990873396 76.235473633 0.001113452 0.999895632 -0.014402558 -5.124843597 -0.990977764 -0.000826975 -0.134024382 108.571281433
-0.136137530 0.013535208 0.990597486 77.009445190 0.001921836 0.999908388 -0.013398314 -5.151172638 -0.990688086 0.000079753 -0.136151075 108.458450317
-0.137578115 0.014433610 0.990385771 77.803955078 0.003560757 0.999894559 -0.014077553 -5.171322346 -0.990484536 0.001589760 -0.137614995 108.349731445
-0.139686972 0.015792446 0.990069807 78.599815369 0.002856771 0.999875069 -0.015545793 -5.192271709 -0.990191638 0.000656858 -0.139714628 108.237495422
-0.141410708 0.018880580 0.989771008 79.392257690 0.003947602 0.999820948 -0.018508289 -5.224182129 -0.989943087 0.001289952 -0.141459957 108.127555847
-0.141706675 0.023034554 0.989640653 80.196388245 0.006261957 0.999730051 -0.022372741 -5.247775555 -0.989888906 0.003026721 -0.141812652 108.011886597
-0.142927825 0.026671924 0.989373684 81.023063660 0.006968060 0.999639273 -0.025942035 -5.284784317 -0.989708602 0.003186177 -0.143062100 107.891387939
-0.142809063 0.027968274 0.989355028 81.847351074 0.009290145 0.999594510 -0.026916740 -5.314275265 -0.989706695 0.005347297 -0.143010989 107.774528503
-0.141922832 0.027275026 0.989501953 82.674926758 0.012696612 0.999588192 -0.025731992 -5.347164154 -0.989796281 0.008911365 -0.142210677 107.651504517
-0.141755760 0.025293659 0.989578545 83.501052856 0.013475708 0.999630213 -0.023620203 -5.381341457 -0.989809990 0.009986970 -0.142044187 107.528739929
-0.140804231 0.023729708 0.989753067 84.339553833 0.012346674 0.999677062 -0.022211181 -5.412288666 -0.989960551 0.009092730 -0.141051725 107.412223816
-0.139541134 0.020944986 0.989994764 85.200088501 0.011680479 0.999741554 -0.019504817 -5.445858955 -0.990147531 0.008841888 -0.139749691 107.309822083
-0.138169765 0.017735323 0.990249753 86.056289673 0.012188875 0.999794424 -0.016205549 -5.473231316 -0.990333617 0.009830913 -0.138357520 107.200538635
-0.136360019 0.014492223 0.990553379 86.906074524 0.012714370 0.999836266 -0.012877772 -5.499975204 -0.990577817 0.010838248 -0.136521921 107.083671570
-0.134644493 0.014364417 0.990789771 87.757774353 0.010644690 0.999858201 -0.013049318 -5.527770996 -0.990836740 0.008789633 -0.134778261 106.975975037
-0.133394703 0.018512750 0.990890026 88.610641479 0.011316679 0.999788761 -0.017155539 -5.557281017 -0.990998328 0.008925126 -0.133576035 106.865829468
-0.131440222 0.024767797 0.991014600 89.464912415 0.012616940 0.999648690 -0.023310171 -5.585216522 -0.991243839 0.009439680 -0.131706536 106.757186890
-0.130112022 0.028131232 0.991100132 90.315292358 0.009980281 0.999583960 -0.027061818 -5.614915848 -0.991448998 0.006370390 -0.130338654 106.652397156
-0.128740758 0.025771378 0.991343379 91.177658081 0.008588305 0.999653697 -0.024872100 -5.645979404 -0.991641045 0.005311906 -0.128917530 106.546493530
