RMSE: 0.791813
MEAN: 0.6583455
MEDIAN: 0.5562015
STD: 0.439429
MIN: 0.0439465
MAX: 1.7697275
